epoch: 0	train ppl: 473.5789993875242	val ppl: 327.4643599870251	best val: 327.4643599870251	time (s) spent in epoch: 358.328232049942
epoch: 1	train ppl: 296.9347233585998	val ppl: 297.25386571172464	best val: 297.25386571172464	time (s) spent in epoch: 290.2481679916382
epoch: 2	train ppl: 247.89662045325986	val ppl: 253.16520696367132	best val: 253.16520696367132	time (s) spent in epoch: 292.06455755233765
epoch: 3	train ppl: 219.39409218509954	val ppl: 250.5388134780107	best val: 250.5388134780107	time (s) spent in epoch: 294.6304793357849
