epoch: 0	train ppl: 4824.7757930998005	val ppl: 1956.489974051992	best val: 1956.489974051992	time (s) spent in epoch: 240.78849172592163
epoch: 1	train ppl: 3941.0954810083767	val ppl: 2238.263706746221	best val: 1956.489974051992	time (s) spent in epoch: 239.86239862442017
epoch: 2	train ppl: 3664.1508221842446	val ppl: 2019.467947675255	best val: 1956.489974051992	time (s) spent in epoch: 241.89487409591675
